0.000000E+0	3.193953E-8	-2.073509E-5
1.000000E-1	-6.892016E-10	-3.623854E-5
2.000000E-1	-6.623858E-8	-5.812579E-5
3.000000E-1	-1.794769E-7	-8.560815E-5
4.000000E-1	-3.230369E-7	-1.164551E-4
5.000000E-1	-4.831667E-7	-1.504644E-4
6.000000E-1	-6.356749E-7	-1.869650E-4
7.000000E-1	-7.720072E-7	-2.255527E-4
8.000000E-1	-8.892056E-7	-2.660963E-4
9.000000E-1	-9.927362E-7	-3.087592E-4
1.000000E+0	-1.080773E-6	-3.529561E-4
1.100000E+0	-1.150385E-6	-3.995400E-4
1.200000E+0	-1.208360E-6	-4.471303E-4
1.300000E+0	-1.252820E-6	-4.956236E-4
1.400000E+0	-1.285894E-6	-5.457348E-4
1.500000E+0	-1.309596E-6	-5.970458E-4
1.600000E+0	-1.322425E-6	-6.490838E-4
1.700000E+0	-1.325395E-6	-7.021184E-4
1.800000E+0	-1.319034E-6	-7.559768E-4
1.900000E+0	-1.306840E-6	-8.104249E-4
2.000000E+0	-1.289140E-6	-8.656137E-4
2.100000E+0	-1.267641E-6	-9.211069E-4
2.200000E+0	-1.243467E-6	-9.769015E-4
2.300000E+0	-1.217901E-6	-1.033350E-3
2.400000E+0	-1.190587E-6	-1.089954E-3
2.500000E+0	-1.163230E-6	-1.146621E-3
2.600000E+0	-1.136503E-6	-1.203686E-3
2.700000E+0	-1.110948E-6	-1.261079E-3
2.800000E+0	-1.087459E-6	-1.318281E-3
2.900000E+0	-1.063631E-6	-1.376122E-3
3.000000E+0	-1.041318E-6	-1.434230E-3
3.100000E+0	-1.020340E-6	-1.492218E-3
3.200000E+0	-1.001652E-6	-1.550820E-3
3.300000E+0	-9.853869E-7	-1.609849E-3
3.400000E+0	-9.688487E-7	-1.669010E-3
3.500000E+0	-9.561258E-7	-1.728558E-3
3.600000E+0	-9.423286E-7	-1.788779E-3
3.700000E+0	-9.317478E-7	-1.849066E-3
3.800000E+0	-9.213103E-7	-1.909723E-3
3.900000E+0	-9.121851E-7	-1.970986E-3
4.000000E+0	-9.030876E-7	-2.032439E-3
4.100000E+0	-8.945949E-7	-2.094550E-3
4.200000E+0	-8.882424E-7	-2.156720E-3
4.300000E+0	-8.835052E-7	-2.219201E-3
4.400000E+0	-8.783762E-7	-2.281989E-3
4.500000E+0	-8.742032E-7	-2.345044E-3
4.600000E+0	-8.709743E-7	-2.407929E-3
4.700000E+0	-8.702491E-7	-2.471348E-3
4.800000E+0	-8.695653E-7	-2.534842E-3
4.900000E+0	-8.705759E-7	-2.598014E-3
5.000000E+0	-8.735089E-7	-2.661610E-3
