0.000000E+0	2.943519E-8	-2.075963E-5
1.000000E-1	-4.117299E-9	-3.622916E-5
2.000000E-1	-7.026302E-8	-5.803368E-5
3.000000E-1	-1.849110E-7	-8.540056E-5
4.000000E-1	-3.312317E-7	-1.163596E-4
5.000000E-1	-4.910439E-7	-1.501749E-4
6.000000E-1	-6.432484E-7	-1.866343E-4
7.000000E-1	-7.788417E-7	-2.251127E-4
8.000000E-1	-8.963695E-7	-2.656175E-4
9.000000E-1	-1.000015E-6	-3.082326E-4
1.000000E+0	-1.088814E-6	-3.524897E-4
1.100000E+0	-1.158253E-6	-3.990797E-4
1.200000E+0	-1.216482E-6	-4.466367E-4
1.300000E+0	-1.261421E-6	-4.951316E-4
1.400000E+0	-1.295099E-6	-5.452921E-4
1.500000E+0	-1.317954E-6	-5.964814E-4
1.600000E+0	-1.331135E-6	-6.484681E-4
1.700000E+0	-1.335837E-6	-7.015945E-4
1.800000E+0	-1.329802E-6	-7.555048E-4
1.900000E+0	-1.316425E-6	-8.098986E-4
2.000000E+0	-1.297709E-6	-8.650951E-4
2.100000E+0	-1.275722E-6	-9.205539E-4
2.200000E+0	-1.251642E-6	-9.763815E-4
2.300000E+0	-1.224580E-6	-1.032757E-3
2.400000E+0	-1.197478E-6	-1.089411E-3
2.500000E+0	-1.169258E-6	-1.146047E-3
2.600000E+0	-1.142150E-6	-1.203077E-3
2.700000E+0	-1.116135E-6	-1.260479E-3
2.800000E+0	-1.091672E-6	-1.317676E-3
2.900000E+0	-1.068225E-6	-1.375468E-3
3.000000E+0	-1.046056E-6	-1.433507E-3
3.100000E+0	-1.025423E-6	-1.491589E-3
3.200000E+0	-1.007173E-6	-1.550282E-3
3.300000E+0	-9.898525E-7	-1.609326E-3
3.400000E+0	-9.745280E-7	-1.668590E-3
3.500000E+0	-9.608419E-7	-1.728183E-3
3.600000E+0	-9.484885E-7	-1.788520E-3
3.700000E+0	-9.369320E-7	-1.848745E-3
3.800000E+0	-9.256260E-7	-1.909430E-3
3.900000E+0	-9.154383E-7	-1.970611E-3
4.000000E+0	-9.070127E-7	-2.032087E-3
4.100000E+0	-8.989829E-7	-2.094277E-3
4.200000E+0	-8.924680E-7	-2.156483E-3
4.300000E+0	-8.862515E-7	-2.219006E-3
4.400000E+0	-8.807984E-7	-2.281904E-3
4.500000E+0	-8.771697E-7	-2.345078E-3
4.600000E+0	-8.745727E-7	-2.408127E-3
4.700000E+0	-8.739396E-7	-2.471685E-3
4.800000E+0	-8.739047E-7	-2.535374E-3
4.900000E+0	-8.749304E-7	-2.598641E-3
5.000000E+0	-8.775379E-7	-2.662246E-3
