0.000000E+0	3.059104E-8	-2.067212E-5
1.000000E-1	-1.561019E-9	-3.612542E-5
2.000000E-1	-6.798156E-8	-5.790988E-5
3.000000E-1	-1.809372E-7	-8.527464E-5
4.000000E-1	-3.264071E-7	-1.161958E-4
5.000000E-1	-4.864600E-7	-1.500932E-4
6.000000E-1	-6.381950E-7	-1.865887E-4
7.000000E-1	-7.747877E-7	-2.251327E-4
8.000000E-1	-8.919860E-7	-2.656292E-4
9.000000E-1	-9.961643E-7	-3.082727E-4
1.000000E+0	-1.084253E-6	-3.524463E-4
1.100000E+0	-1.154957E-6	-3.990595E-4
1.200000E+0	-1.213042E-6	-4.466076E-4
1.300000E+0	-1.257230E-6	-4.951084E-4
1.400000E+0	-1.290487E-6	-5.452325E-4
1.500000E+0	-1.314009E-6	-5.965521E-4
1.600000E+0	-1.326784E-6	-6.486093E-4
1.700000E+0	-1.329763E-6	-7.015976E-4
1.800000E+0	-1.325322E-6	-7.555376E-4
1.900000E+0	-1.312344E-6	-8.099150E-4
2.000000E+0	-1.292941E-6	-8.650059E-4
2.100000E+0	-1.271429E-6	-9.204906E-4
2.200000E+0	-1.247004E-6	-9.762897E-4
2.300000E+0	-1.221085E-6	-1.032700E-3
2.400000E+0	-1.194114E-6	-1.089315E-3
2.500000E+0	-1.166636E-6	-1.146013E-3
2.600000E+0	-1.139215E-6	-1.203064E-3
2.700000E+0	-1.113378E-6	-1.260483E-3
2.800000E+0	-1.088944E-6	-1.317681E-3
2.900000E+0	-1.065146E-6	-1.375425E-3
3.000000E+0	-1.043783E-6	-1.433519E-3
3.100000E+0	-1.023716E-6	-1.491604E-3
3.200000E+0	-1.005505E-6	-1.550245E-3
3.300000E+0	-9.886809E-7	-1.609286E-3
3.400000E+0	-9.732906E-7	-1.668507E-3
3.500000E+0	-9.589944E-7	-1.727979E-3
3.600000E+0	-9.466324E-7	-1.788196E-3
3.700000E+0	-9.338892E-7	-1.848394E-3
3.800000E+0	-9.232794E-7	-1.909030E-3
3.900000E+0	-9.138144E-7	-1.970185E-3
4.000000E+0	-9.053309E-7	-2.031597E-3
4.100000E+0	-8.970263E-7	-2.093665E-3
4.200000E+0	-8.892279E-7	-2.155772E-3
4.300000E+0	-8.836551E-7	-2.218276E-3
4.400000E+0	-8.782756E-7	-2.281140E-3
4.500000E+0	-8.743695E-7	-2.344300E-3
4.600000E+0	-8.714313E-7	-2.407238E-3
4.700000E+0	-8.701978E-7	-2.470704E-3
4.800000E+0	-8.702182E-7	-2.534306E-3
4.900000E+0	-8.713721E-7	-2.597461E-3
5.000000E+0	-8.741874E-7	-2.661126E-3
