0.000000E+0	3.113872E-8	-2.057880E-5
1.000000E-1	-1.453850E-9	-3.601246E-5
2.000000E-1	-6.758313E-8	-5.778058E-5
3.000000E-1	-1.813593E-7	-8.515807E-5
4.000000E-1	-3.265130E-7	-1.160794E-4
5.000000E-1	-4.874653E-7	-1.499833E-4
6.000000E-1	-6.398394E-7	-1.864783E-4
7.000000E-1	-7.764511E-7	-2.250240E-4
8.000000E-1	-8.951531E-7	-2.656162E-4
9.000000E-1	-9.991125E-7	-3.082549E-4
1.000000E+0	-1.087420E-6	-3.523898E-4
1.100000E+0	-1.156749E-6	-3.989286E-4
1.200000E+0	-1.214346E-6	-4.464946E-4
1.300000E+0	-1.258960E-6	-4.949949E-4
1.400000E+0	-1.293684E-6	-5.452364E-4
1.500000E+0	-1.316990E-6	-5.966334E-4
1.600000E+0	-1.329833E-6	-6.486442E-4
1.700000E+0	-1.332604E-6	-7.017386E-4
1.800000E+0	-1.326115E-6	-7.555935E-4
1.900000E+0	-1.314229E-6	-8.100439E-4
2.000000E+0	-1.295710E-6	-8.652023E-4
2.100000E+0	-1.273721E-6	-9.206330E-4
2.200000E+0	-1.249451E-6	-9.764553E-4
2.300000E+0	-1.223135E-6	-1.032820E-3
2.400000E+0	-1.196093E-6	-1.089475E-3
2.500000E+0	-1.169250E-6	-1.146177E-3
2.600000E+0	-1.141142E-6	-1.203182E-3
2.700000E+0	-1.115398E-6	-1.260592E-3
2.800000E+0	-1.091885E-6	-1.317838E-3
2.900000E+0	-1.068196E-6	-1.375590E-3
3.000000E+0	-1.045609E-6	-1.433623E-3
3.100000E+0	-1.025255E-6	-1.491692E-3
3.200000E+0	-1.006265E-6	-1.550249E-3
3.300000E+0	-9.886368E-7	-1.609287E-3
3.400000E+0	-9.741762E-7	-1.668556E-3
3.500000E+0	-9.598484E-7	-1.728127E-3
3.600000E+0	-9.473327E-7	-1.788348E-3
3.700000E+0	-9.352646E-7	-1.848539E-3
3.800000E+0	-9.245582E-7	-1.909220E-3
3.900000E+0	-9.145619E-7	-1.969848E-3
4.000000E+0	-9.058089E-7	-2.031640E-3
4.100000E+0	-8.983748E-7	-2.094270E-3
4.200000E+0	-8.908861E-7	-2.156779E-3
4.300000E+0	-8.848853E-7	-2.219477E-3
4.400000E+0	-8.799667E-7	-2.282552E-3
4.500000E+0	-8.754590E-7	-2.345785E-3
4.600000E+0	-8.720447E-7	-2.408822E-3
4.700000E+0	-8.710933E-7	-2.472380E-3
4.800000E+0	-8.721354E-7	-2.536038E-3
4.900000E+0	-8.738462E-7	-2.599311E-3
5.000000E+0	-8.769258E-7	-2.662992E-3
