0.000000E+0	3.137475E-8	-2.102483E-5
1.000000E-1	-5.544183E-10	-3.668611E-5
2.000000E-1	-6.580333E-8	-5.870582E-5
3.000000E-1	-1.766491E-7	-8.614040E-5
4.000000E-1	-3.201420E-7	-1.171267E-4
5.000000E-1	-4.786912E-7	-1.510789E-4
6.000000E-1	-6.307583E-7	-1.876214E-4
7.000000E-1	-7.669190E-7	-2.262546E-4
8.000000E-1	-8.839359E-7	-2.668776E-4
9.000000E-1	-9.861687E-7	-3.095409E-4
1.000000E+0	-1.073912E-6	-3.537988E-4
1.100000E+0	-1.144093E-6	-4.003599E-4
1.200000E+0	-1.201462E-6	-4.479156E-4
1.300000E+0	-1.245995E-6	-4.965562E-4
1.400000E+0	-1.279099E-6	-5.466609E-4
1.500000E+0	-1.301176E-6	-5.979879E-4
1.600000E+0	-1.314100E-6	-6.500560E-4
1.700000E+0	-1.318331E-6	-7.032005E-4
1.800000E+0	-1.313664E-6	-7.571342E-4
1.900000E+0	-1.301036E-6	-8.116566E-4
2.000000E+0	-1.283213E-6	-8.668260E-4
2.100000E+0	-1.261507E-6	-9.223102E-4
2.200000E+0	-1.237196E-6	-9.780125E-4
2.300000E+0	-1.211209E-6	-1.034465E-3
2.400000E+0	-1.184995E-6	-1.091106E-3
2.500000E+0	-1.157977E-6	-1.147770E-3
2.600000E+0	-1.131733E-6	-1.204861E-3
2.700000E+0	-1.108213E-6	-1.262400E-3
2.800000E+0	-1.084484E-6	-1.319578E-3
2.900000E+0	-1.061720E-6	-1.377456E-3
3.000000E+0	-1.040276E-6	-1.435675E-3
3.100000E+0	-1.020814E-6	-1.493819E-3
3.200000E+0	-1.001978E-6	-1.552465E-3
3.300000E+0	-9.849398E-7	-1.611468E-3
3.400000E+0	-9.699887E-7	-1.670665E-3
3.500000E+0	-9.557195E-7	-1.730030E-3
3.600000E+0	-9.438612E-7	-1.790317E-3
3.700000E+0	-9.325104E-7	-1.850544E-3
3.800000E+0	-9.209559E-7	-1.910954E-3
3.900000E+0	-9.114277E-7	-1.972157E-3
4.000000E+0	-9.025938E-7	-2.033516E-3
4.100000E+0	-8.944858E-7	-2.095520E-3
4.200000E+0	-8.866789E-7	-2.157584E-3
4.300000E+0	-8.804992E-7	-2.220065E-3
4.400000E+0	-8.754084E-7	-2.282971E-3
4.500000E+0	-8.709769E-7	-2.346058E-3
4.600000E+0	-8.677737E-7	-2.408910E-3
4.700000E+0	-8.674469E-7	-2.472499E-3
4.800000E+0	-8.669716E-7	-2.536231E-3
4.900000E+0	-8.686738E-7	-2.599632E-3
5.000000E+0	-8.717593E-7	-2.663399E-3
