0.000000E+0	3.133333E-8	-2.089458E-5
1.000000E-1	-4.959026E-10	-3.643462E-5
2.000000E-1	-6.659625E-8	-5.839955E-5
3.000000E-1	-1.788398E-7	-8.583745E-5
4.000000E-1	-3.231434E-7	-1.168100E-4
5.000000E-1	-4.825749E-7	-1.508144E-4
6.000000E-1	-6.342653E-7	-1.873288E-4
7.000000E-1	-7.713846E-7	-2.259340E-4
8.000000E-1	-8.880168E-7	-2.664672E-4
9.000000E-1	-9.908986E-7	-3.091382E-4
1.000000E+0	-1.079967E-6	-3.534415E-4
1.100000E+0	-1.149684E-6	-4.000559E-4
1.200000E+0	-1.207389E-6	-4.476251E-4
1.300000E+0	-1.251341E-6	-4.961191E-4
1.400000E+0	-1.285000E-6	-5.462845E-4
1.500000E+0	-1.307159E-6	-5.975761E-4
1.600000E+0	-1.321794E-6	-6.497068E-4
1.700000E+0	-1.324041E-6	-7.027404E-4
1.800000E+0	-1.319080E-6	-7.566580E-4
1.900000E+0	-1.306419E-6	-8.111134E-4
2.000000E+0	-1.287244E-6	-8.662566E-4
2.100000E+0	-1.265813E-6	-9.216614E-4
2.200000E+0	-1.241620E-6	-9.774356E-4
2.300000E+0	-1.216458E-6	-1.033902E-3
2.400000E+0	-1.190019E-6	-1.090566E-3
2.500000E+0	-1.161714E-6	-1.146998E-3
2.600000E+0	-1.135823E-6	-1.204136E-3
2.700000E+0	-1.110397E-6	-1.261604E-3
2.800000E+0	-1.087935E-6	-1.318841E-3
2.900000E+0	-1.063846E-6	-1.376609E-3
3.000000E+0	-1.041723E-6	-1.434724E-3
3.100000E+0	-1.021481E-6	-1.492760E-3
3.200000E+0	-1.002794E-6	-1.551287E-3
3.300000E+0	-9.864323E-7	-1.610341E-3
3.400000E+0	-9.710440E-7	-1.669551E-3
3.500000E+0	-9.574171E-7	-1.729046E-3
3.600000E+0	-9.438776E-7	-1.789261E-3
3.700000E+0	-9.313717E-7	-1.849533E-3
3.800000E+0	-9.205857E-7	-1.910171E-3
3.900000E+0	-9.113587E-7	-1.971294E-3
4.000000E+0	-9.028154E-7	-2.032619E-3
4.100000E+0	-8.951643E-7	-2.094664E-3
4.200000E+0	-8.878893E-7	-2.156667E-3
4.300000E+0	-8.814138E-7	-2.219120E-3
4.400000E+0	-8.764058E-7	-2.281963E-3
4.500000E+0	-8.731644E-7	-2.345050E-3
4.600000E+0	-8.699020E-7	-2.407977E-3
4.700000E+0	-8.686600E-7	-2.471489E-3
4.800000E+0	-8.687343E-7	-2.535073E-3
4.900000E+0	-8.704141E-7	-2.598329E-3
5.000000E+0	-8.730612E-7	-2.662093E-3
