0.000000E+0	3.172782E-8	-2.121431E-5
1.000000E-1	8.999262E-10	-3.687855E-5
2.000000E-1	-6.359880E-8	-5.893966E-5
3.000000E-1	-1.738423E-7	-8.640962E-5
4.000000E-1	-3.176068E-7	-1.174802E-4
5.000000E-1	-4.759627E-7	-1.514673E-4
6.000000E-1	-6.283743E-7	-1.880680E-4
7.000000E-1	-7.632391E-7	-2.266134E-4
8.000000E-1	-8.804959E-7	-2.672497E-4
9.000000E-1	-9.844099E-7	-3.100589E-4
1.000000E+0	-1.071730E-6	-3.543334E-4
1.100000E+0	-1.141012E-6	-4.009781E-4
1.200000E+0	-1.198339E-6	-4.485206E-4
1.300000E+0	-1.242112E-6	-4.970657E-4
1.400000E+0	-1.275523E-6	-5.473069E-4
1.500000E+0	-1.297966E-6	-5.986196E-4
1.600000E+0	-1.311293E-6	-6.507326E-4
1.700000E+0	-1.314840E-6	-7.039422E-4
1.800000E+0	-1.309217E-6	-7.578510E-4
1.900000E+0	-1.297570E-6	-8.124072E-4
2.000000E+0	-1.279775E-6	-8.676659E-4
2.100000E+0	-1.259219E-6	-9.232105E-4
2.200000E+0	-1.235266E-6	-9.788491E-4
2.300000E+0	-1.209664E-6	-1.035339E-3
2.400000E+0	-1.183771E-6	-1.092030E-3
2.500000E+0	-1.156871E-6	-1.148779E-3
2.600000E+0	-1.130899E-6	-1.205959E-3
2.700000E+0	-1.106143E-6	-1.263464E-3
2.800000E+0	-1.083192E-6	-1.320602E-3
2.900000E+0	-1.061277E-6	-1.378508E-3
3.000000E+0	-1.040170E-6	-1.436710E-3
3.100000E+0	-1.019849E-6	-1.494803E-3
3.200000E+0	-1.001859E-6	-1.553442E-3
3.300000E+0	-9.846959E-7	-1.612431E-3
3.400000E+0	-9.684884E-7	-1.671729E-3
3.500000E+0	-9.541455E-7	-1.731122E-3
3.600000E+0	-9.423010E-7	-1.791354E-3
3.700000E+0	-9.314342E-7	-1.851555E-3
3.800000E+0	-9.206055E-7	-1.911996E-3
3.900000E+0	-9.116250E-7	-1.973265E-3
4.000000E+0	-9.030080E-7	-2.034640E-3
4.100000E+0	-8.950407E-7	-2.096686E-3
4.200000E+0	-8.877933E-7	-2.158765E-3
4.300000E+0	-8.815006E-7	-2.221200E-3
4.400000E+0	-8.760001E-7	-2.284092E-3
4.500000E+0	-8.725108E-7	-2.347278E-3
4.600000E+0	-8.698941E-7	-2.410252E-3
4.700000E+0	-8.689348E-7	-2.473811E-3
4.800000E+0	-8.693162E-7	-2.537510E-3
4.900000E+0	-8.688973E-7	-2.600802E-3
5.000000E+0	-8.717850E-7	-2.664646E-3
