0.000000E+0	3.108941E-8	-2.081809E-5
1.000000E-1	-1.369693E-9	-3.621229E-5
2.000000E-1	-6.734709E-8	-5.804135E-5
3.000000E-1	-1.799490E-7	-8.540848E-5
4.000000E-1	-3.243551E-7	-1.163159E-4
5.000000E-1	-4.829727E-7	-1.501587E-4
6.000000E-1	-6.354323E-7	-1.866233E-4
7.000000E-1	-7.719921E-7	-2.251889E-4
8.000000E-1	-8.897197E-7	-2.657592E-4
9.000000E-1	-9.936449E-7	-3.083943E-4
1.000000E+0	-1.081659E-6	-3.526063E-4
1.100000E+0	-1.151139E-6	-3.991598E-4
1.200000E+0	-1.209065E-6	-4.467307E-4
1.300000E+0	-1.254543E-6	-4.952833E-4
1.400000E+0	-1.287633E-6	-5.454194E-4
1.500000E+0	-1.310226E-6	-5.966709E-4
1.600000E+0	-1.322690E-6	-6.486567E-4
1.700000E+0	-1.326112E-6	-7.017281E-4
1.800000E+0	-1.320649E-6	-7.556305E-4
1.900000E+0	-1.308462E-6	-8.100768E-4
2.000000E+0	-1.291634E-6	-8.653031E-4
2.100000E+0	-1.269534E-6	-9.207947E-4
2.200000E+0	-1.245235E-6	-9.765851E-4
2.300000E+0	-1.219380E-6	-1.033025E-3
2.400000E+0	-1.191521E-6	-1.089652E-3
2.500000E+0	-1.164153E-6	-1.146341E-3
2.600000E+0	-1.137405E-6	-1.203426E-3
2.700000E+0	-1.112144E-6	-1.260872E-3
2.800000E+0	-1.088002E-6	-1.318071E-3
2.900000E+0	-1.064271E-6	-1.375792E-3
3.000000E+0	-1.041686E-6	-1.433822E-3
3.100000E+0	-1.022079E-6	-1.491935E-3
3.200000E+0	-1.003698E-6	-1.550582E-3
3.300000E+0	-9.871542E-7	-1.609625E-3
3.400000E+0	-9.722432E-7	-1.668842E-3
3.500000E+0	-9.584243E-7	-1.728323E-3
3.600000E+0	-9.459381E-7	-1.788514E-3
3.700000E+0	-9.339148E-7	-1.848704E-3
3.800000E+0	-9.226542E-7	-1.909279E-3
3.900000E+0	-9.126480E-7	-1.970370E-3
4.000000E+0	-9.034091E-7	-2.031739E-3
4.100000E+0	-8.953951E-7	-2.093828E-3
4.200000E+0	-8.887105E-7	-2.155933E-3
4.300000E+0	-8.825229E-7	-2.218385E-3
4.400000E+0	-8.774492E-7	-2.281186E-3
4.500000E+0	-8.732696E-7	-2.344248E-3
4.600000E+0	-8.714569E-7	-2.407212E-3
4.700000E+0	-8.693826E-7	-2.470626E-3
4.800000E+0	-8.691031E-7	-2.534224E-3
4.900000E+0	-8.710098E-7	-2.597482E-3
5.000000E+0	-8.740625E-7	-2.661113E-3
