0.000000E+0	3.131098E-8	-2.093654E-5
1.000000E-1	-2.809068E-10	-3.649651E-5
2.000000E-1	-6.543777E-8	-5.841596E-5
3.000000E-1	-1.774322E-7	-8.591038E-5
4.000000E-1	-3.222144E-7	-1.169276E-4
5.000000E-1	-4.820884E-7	-1.509716E-4
6.000000E-1	-6.339063E-7	-1.875179E-4
7.000000E-1	-7.696383E-7	-2.260847E-4
8.000000E-1	-8.860668E-7	-2.665889E-4
9.000000E-1	-9.891648E-7	-3.092822E-4
1.000000E+0	-1.077016E-6	-3.535185E-4
1.100000E+0	-1.146125E-6	-4.001057E-4
1.200000E+0	-1.204026E-6	-4.477358E-4
1.300000E+0	-1.247822E-6	-4.962612E-4
1.400000E+0	-1.281618E-6	-5.463742E-4
1.500000E+0	-1.304933E-6	-5.977176E-4
1.600000E+0	-1.317563E-6	-6.497957E-4
1.700000E+0	-1.320924E-6	-7.029386E-4
1.800000E+0	-1.315201E-6	-7.567836E-4
1.900000E+0	-1.302953E-6	-8.113378E-4
2.000000E+0	-1.285019E-6	-8.666658E-4
2.100000E+0	-1.262716E-6	-9.221046E-4
2.200000E+0	-1.238637E-6	-9.776663E-4
2.300000E+0	-1.213592E-6	-1.034146E-3
2.400000E+0	-1.186884E-6	-1.090824E-3
2.500000E+0	-1.160268E-6	-1.147508E-3
2.600000E+0	-1.134289E-6	-1.204607E-3
2.700000E+0	-1.109611E-6	-1.262083E-3
2.800000E+0	-1.084967E-6	-1.319180E-3
2.900000E+0	-1.062284E-6	-1.377010E-3
3.000000E+0	-1.040422E-6	-1.435211E-3
3.100000E+0	-1.020580E-6	-1.493251E-3
3.200000E+0	-1.001357E-6	-1.551839E-3
3.300000E+0	-9.843119E-7	-1.610836E-3
3.400000E+0	-9.691459E-7	-1.670022E-3
3.500000E+0	-9.556077E-7	-1.729514E-3
3.600000E+0	-9.430505E-7	-1.789794E-3
3.700000E+0	-9.320371E-7	-1.849973E-3
3.800000E+0	-9.208750E-7	-1.910676E-3
3.900000E+0	-9.117361E-7	-1.971849E-3
4.000000E+0	-9.024827E-7	-2.033265E-3
4.100000E+0	-8.948836E-7	-2.095291E-3
4.200000E+0	-8.872318E-7	-2.157419E-3
4.300000E+0	-8.807096E-7	-2.219883E-3
4.400000E+0	-8.754294E-7	-2.282771E-3
4.500000E+0	-8.728093E-7	-2.346034E-3
4.600000E+0	-8.701288E-7	-2.409004E-3
4.700000E+0	-8.686113E-7	-2.472437E-3
4.800000E+0	-8.677560E-7	-2.536047E-3
4.900000E+0	-8.695693E-7	-2.599391E-3
5.000000E+0	-8.726936E-7	-2.663130E-3
