0.000000E+0	3.004796E-8	-2.070435E-5
1.000000E-1	-1.303945E-9	-3.613903E-5
2.000000E-1	-6.791318E-8	-5.798133E-5
3.000000E-1	-1.800976E-7	-8.530934E-5
4.000000E-1	-3.253098E-7	-1.162457E-4
5.000000E-1	-4.856342E-7	-1.501769E-4
6.000000E-1	-6.375875E-7	-1.866430E-4
7.000000E-1	-7.744445E-7	-2.252132E-4
8.000000E-1	-8.917323E-7	-2.657328E-4
9.000000E-1	-9.949513E-7	-3.083628E-4
1.000000E+0	-1.083670E-6	-3.525907E-4
1.100000E+0	-1.153806E-6	-3.991536E-4
1.200000E+0	-1.211996E-6	-4.467350E-4
1.300000E+0	-1.256527E-6	-4.952404E-4
1.400000E+0	-1.290429E-6	-5.453905E-4
1.500000E+0	-1.313083E-6	-5.966274E-4
1.600000E+0	-1.326676E-6	-6.486809E-4
1.700000E+0	-1.329723E-6	-7.017522E-4
1.800000E+0	-1.325304E-6	-7.557088E-4
1.900000E+0	-1.312956E-6	-8.101252E-4
2.000000E+0	-1.294083E-6	-8.652787E-4
2.100000E+0	-1.271002E-6	-9.208109E-4
2.200000E+0	-1.247227E-6	-9.765918E-4
2.300000E+0	-1.220711E-6	-1.032862E-3
2.400000E+0	-1.193318E-6	-1.089466E-3
2.500000E+0	-1.165682E-6	-1.146119E-3
2.600000E+0	-1.137802E-6	-1.203142E-3
2.700000E+0	-1.112697E-6	-1.260558E-3
2.800000E+0	-1.088733E-6	-1.317782E-3
2.900000E+0	-1.064833E-6	-1.375543E-3
3.000000E+0	-1.043519E-6	-1.433623E-3
3.100000E+0	-1.023641E-6	-1.491686E-3
3.200000E+0	-1.004030E-6	-1.550258E-3
3.300000E+0	-9.869925E-7	-1.609296E-3
3.400000E+0	-9.724720E-7	-1.668568E-3
3.500000E+0	-9.584316E-7	-1.728051E-3
3.600000E+0	-9.451452E-7	-1.788251E-3
3.700000E+0	-9.342028E-7	-1.848440E-3
3.800000E+0	-9.243439E-7	-1.909122E-3
3.900000E+0	-9.142575E-7	-1.970250E-3
4.000000E+0	-9.053526E-7	-2.031666E-3
4.100000E+0	-8.963741E-7	-2.093724E-3
4.200000E+0	-8.884284E-7	-2.155803E-3
4.300000E+0	-8.820673E-7	-2.218255E-3
4.400000E+0	-8.773683E-7	-2.281147E-3
4.500000E+0	-8.734464E-7	-2.344266E-3
4.600000E+0	-8.712031E-7	-2.407195E-3
4.700000E+0	-8.707646E-7	-2.470704E-3
4.800000E+0	-8.705752E-7	-2.534269E-3
4.900000E+0	-8.723005E-7	-2.597513E-3
5.000000E+0	-8.745905E-7	-2.661170E-3
