0.000000E+0	-3.074828E-8	-4.344012E-5
1.000000E-1	-1.453513E-7	-6.778617E-5
2.000000E-1	-3.411147E-7	-9.742937E-5
3.000000E-1	-5.638282E-7	-1.306063E-4
4.000000E-1	-7.658892E-7	-1.663060E-4
5.000000E-1	-9.543359E-7	-2.044365E-4
6.000000E-1	-1.151740E-6	-2.447379E-4
7.000000E-1	-1.357975E-6	-2.866680E-4
8.000000E-1	-1.571999E-6	-3.308063E-4
9.000000E-1	-1.794624E-6	-3.769792E-4
1.000000E+0	-2.026173E-6	-4.247288E-4
1.100000E+0	-2.267674E-6	-4.736921E-4
1.200000E+0	-2.515262E-6	-5.244032E-4
1.300000E+0	-2.772306E-6	-5.762798E-4
1.400000E+0	-3.036154E-6	-6.297953E-4
1.500000E+0	-3.305840E-6	-6.841848E-4
1.600000E+0	-3.578422E-6	-7.396262E-4
1.700000E+0	-3.856829E-6	-7.962040E-4
1.800000E+0	-4.137850E-6	-8.537812E-4
1.900000E+0	-4.420217E-6	-9.116755E-4
2.000000E+0	-4.706429E-6	-9.706371E-4
2.100000E+0	-4.992853E-6	-1.030409E-3
2.200000E+0	-5.280202E-6	-1.090545E-3
2.300000E+0	-5.572363E-6	-1.151336E-3
2.400000E+0	-5.865211E-6	-1.212754E-3
2.500000E+0	-6.158692E-6	-1.274524E-3
2.600000E+0	-6.454226E-6	-1.336833E-3
2.700000E+0	-6.745692E-6	-1.399798E-3
2.800000E+0	-7.037301E-6	-1.463238E-3
2.900000E+0	-7.330375E-6	-1.527179E-3
3.000000E+0	-7.627505E-6	-1.592028E-3
3.100000E+0	-7.923639E-6	-1.657276E-3
3.200000E+0	-8.217648E-6	-1.723356E-3
3.300000E+0	-8.512130E-6	-1.790180E-3
3.400000E+0	-8.806574E-6	-1.857613E-3
3.500000E+0	-9.104475E-6	-1.925773E-3
3.600000E+0	-9.397278E-6	-1.994996E-3
3.700000E+0	-9.693292E-6	-2.064959E-3
3.800000E+0	-9.990803E-6	-2.136076E-3
3.900000E+0	-1.028853E-5	-2.207995E-3
4.000000E+0	-1.058732E-5	-2.280685E-3
4.100000E+0	-1.089328E-5	-2.354492E-3
4.200000E+0	-1.120002E-5	-2.429161E-3
4.300000E+0	-1.150516E-5	-2.504524E-3
4.400000E+0	-1.181036E-5	-2.580773E-3
4.500000E+0	-1.212529E-5	-2.658150E-3
4.600000E+0	-1.244075E-5	-2.736063E-3
4.700000E+0	-1.276320E-5	-2.814784E-3
4.800000E+0	-1.308314E-5	-2.894357E-3
4.900000E+0	-1.340163E-5	-2.974456E-3
5.000000E+0	-1.372775E-5	-3.055175E-3
