0.000000E+0	-2.815891E-8	-4.192030E-5
1.000000E-1	-1.395392E-7	-6.582570E-5
2.000000E-1	-3.323100E-7	-9.526059E-5
3.000000E-1	-5.532757E-7	-1.281593E-4
4.000000E-1	-7.554122E-7	-1.637446E-4
5.000000E-1	-9.434809E-7	-2.017638E-4
6.000000E-1	-1.138952E-6	-2.417960E-4
7.000000E-1	-1.344967E-6	-2.836265E-4
8.000000E-1	-1.558552E-6	-3.276025E-4
9.000000E-1	-1.780354E-6	-3.735624E-4
1.000000E+0	-2.011288E-6	-4.212334E-4
1.100000E+0	-2.252382E-6	-4.699543E-4
1.200000E+0	-2.499398E-6	-5.205328E-4
1.300000E+0	-2.756273E-6	-5.723019E-4
1.400000E+0	-3.019667E-6	-6.255949E-4
1.500000E+0	-3.288858E-6	-6.798210E-4
1.600000E+0	-3.561579E-6	-7.352252E-4
1.700000E+0	-3.839953E-6	-7.916454E-4
1.800000E+0	-4.119557E-6	-8.490386E-4
1.900000E+0	-4.402691E-6	-9.068217E-4
2.000000E+0	-4.688543E-6	-9.657509E-4
2.100000E+0	-4.976890E-6	-1.025555E-3
2.200000E+0	-5.262859E-6	-1.085509E-3
2.300000E+0	-5.556064E-6	-1.146251E-3
2.400000E+0	-5.848774E-6	-1.207497E-3
2.500000E+0	-6.143555E-6	-1.269248E-3
2.600000E+0	-6.437926E-6	-1.331558E-3
2.700000E+0	-6.728873E-6	-1.394391E-3
2.800000E+0	-7.018252E-6	-1.457535E-3
2.900000E+0	-7.310582E-6	-1.521331E-3
3.000000E+0	-7.606645E-6	-1.586148E-3
3.100000E+0	-7.903382E-6	-1.651305E-3
3.200000E+0	-8.196512E-6	-1.717372E-3
3.300000E+0	-8.491108E-6	-1.783895E-3
3.400000E+0	-8.784617E-6	-1.851167E-3
3.500000E+0	-9.084380E-6	-1.919341E-3
3.600000E+0	-9.378273E-6	-1.988428E-3
3.700000E+0	-9.677025E-6	-2.058202E-3
3.800000E+0	-9.978765E-6	-2.129240E-3
3.900000E+0	-1.028061E-5	-2.200955E-3
4.000000E+0	-1.058234E-5	-2.273412E-3
4.100000E+0	-1.088777E-5	-2.347130E-3
4.200000E+0	-1.119657E-5	-2.421609E-3
4.300000E+0	-1.150486E-5	-2.496759E-3
4.400000E+0	-1.181755E-5	-2.572782E-3
4.500000E+0	-1.213472E-5	-2.649841E-3
4.600000E+0	-1.245328E-5	-2.727485E-3
4.700000E+0	-1.277328E-5	-2.805929E-3
4.800000E+0	-1.309473E-5	-2.885172E-3
4.900000E+0	-1.341955E-5	-2.964957E-3
5.000000E+0	-1.374484E-5	-3.045383E-3
