0.000000E+0	-3.077349E-8	-4.194310E-5
1.000000E-1	-1.437438E-7	-6.588484E-5
2.000000E-1	-3.378471E-7	-9.536346E-5
3.000000E-1	-5.590363E-7	-1.283745E-4
4.000000E-1	-7.588925E-7	-1.639674E-4
5.000000E-1	-9.460977E-7	-2.020218E-4
6.000000E-1	-1.141357E-6	-2.421103E-4
7.000000E-1	-1.347213E-6	-2.839299E-4
8.000000E-1	-1.559927E-6	-3.279657E-4
9.000000E-1	-1.781491E-6	-3.739095E-4
1.000000E+0	-2.012619E-6	-4.216683E-4
1.100000E+0	-2.252791E-6	-4.704192E-4
1.200000E+0	-2.500906E-6	-5.210300E-4
1.300000E+0	-2.757384E-6	-5.727734E-4
1.400000E+0	-3.020475E-6	-6.261196E-4
1.500000E+0	-3.290266E-6	-6.804104E-4
1.600000E+0	-3.563005E-6	-7.358829E-4
1.700000E+0	-3.842920E-6	-7.924008E-4
1.800000E+0	-4.124864E-6	-8.498998E-4
1.900000E+0	-4.408435E-6	-9.078540E-4
2.000000E+0	-4.694387E-6	-9.668455E-4
2.100000E+0	-4.983121E-6	-1.026744E-3
2.200000E+0	-5.270147E-6	-1.086874E-3
2.300000E+0	-5.564267E-6	-1.147772E-3
2.400000E+0	-5.857442E-6	-1.209367E-3
2.500000E+0	-6.147662E-6	-1.271143E-3
2.600000E+0	-6.441130E-6	-1.333347E-3
2.700000E+0	-6.745658E-6	-1.396401E-3
2.800000E+0	-7.022600E-6	-1.459726E-3
2.900000E+0	-7.306795E-6	-1.523651E-3
3.000000E+0	-7.604638E-6	-1.588465E-3
3.100000E+0	-7.898486E-6	-1.653757E-3
3.200000E+0	-8.193157E-6	-1.719958E-3
3.300000E+0	-8.483358E-6	-1.786694E-3
3.400000E+0	-8.778117E-6	-1.854101E-3
3.500000E+0	-9.071222E-6	-1.922353E-3
3.600000E+0	-9.365019E-6	-1.991596E-3
3.700000E+0	-9.665734E-6	-2.061574E-3
3.800000E+0	-9.967173E-6	-2.132823E-3
3.900000E+0	-1.026825E-5	-2.204640E-3
4.000000E+0	-1.057346E-5	-2.277409E-3
4.100000E+0	-1.087701E-5	-2.351300E-3
4.200000E+0	-1.118489E-5	-2.425833E-3
4.300000E+0	-1.149388E-5	-2.501324E-3
4.400000E+0	-1.180660E-5	-2.577534E-3
4.500000E+0	-1.212527E-5	-2.654787E-3
4.600000E+0	-1.244276E-5	-2.732647E-3
4.700000E+0	-1.275901E-5	-2.811264E-3
4.800000E+0	-1.308497E-5	-2.890786E-3
4.900000E+0	-1.340900E-5	-2.970822E-3
5.000000E+0	-1.373580E-5	-3.051484E-3
