0.000000E+0	-3.371242E-8	-4.206745E-5
1.000000E-1	-1.486267E-7	-6.605857E-5
2.000000E-1	-3.437118E-7	-9.558482E-5
3.000000E-1	-5.638896E-7	-1.285470E-4
4.000000E-1	-7.627771E-7	-1.641877E-4
5.000000E-1	-9.492383E-7	-2.022758E-4
6.000000E-1	-1.144527E-6	-2.423556E-4
7.000000E-1	-1.350159E-6	-2.841914E-4
8.000000E-1	-1.562292E-6	-3.281645E-4
9.000000E-1	-1.784661E-6	-3.741641E-4
1.000000E+0	-2.015565E-6	-4.218834E-4
1.100000E+0	-2.256982E-6	-4.706902E-4
1.200000E+0	-2.505367E-6	-5.212906E-4
1.300000E+0	-2.763072E-6	-5.731025E-4
1.400000E+0	-3.027462E-6	-6.264397E-4
1.500000E+0	-3.298638E-6	-6.807219E-4
1.600000E+0	-3.571701E-6	-7.361710E-4
1.700000E+0	-3.851404E-6	-7.925838E-4
1.800000E+0	-4.132488E-6	-8.501257E-4
1.900000E+0	-4.418722E-6	-9.080697E-4
2.000000E+0	-4.704398E-6	-9.669087E-4
2.100000E+0	-4.992088E-6	-1.026725E-3
2.200000E+0	-5.280027E-6	-1.086815E-3
2.300000E+0	-5.572442E-6	-1.147542E-3
2.400000E+0	-5.865974E-6	-1.208968E-3
2.500000E+0	-6.157077E-6	-1.270794E-3
2.600000E+0	-6.446566E-6	-1.333073E-3
2.700000E+0	-6.733923E-6	-1.396037E-3
2.800000E+0	-7.023959E-6	-1.459271E-3
2.900000E+0	-7.314487E-6	-1.523231E-3
3.000000E+0	-7.611380E-6	-1.588143E-3
3.100000E+0	-7.906656E-6	-1.653354E-3
3.200000E+0	-8.196102E-6	-1.719412E-3
3.300000E+0	-8.490441E-6	-1.786131E-3
3.400000E+0	-8.778932E-6	-1.853468E-3
3.500000E+0	-9.076687E-6	-1.921620E-3
3.600000E+0	-9.372246E-6	-1.990822E-3
3.700000E+0	-9.674314E-6	-2.060764E-3
3.800000E+0	-9.972094E-6	-2.131906E-3
3.900000E+0	-1.026903E-5	-2.203685E-3
4.000000E+0	-1.056814E-5	-2.276305E-3
4.100000E+0	-1.086770E-5	-2.350114E-3
4.200000E+0	-1.117986E-5	-2.424603E-3
4.300000E+0	-1.149070E-5	-2.499958E-3
4.400000E+0	-1.180193E-5	-2.576136E-3
4.500000E+0	-1.211803E-5	-2.653317E-3
4.600000E+0	-1.243116E-5	-2.731103E-3
4.700000E+0	-1.274006E-5	-2.809635E-3
4.800000E+0	-1.307622E-5	-2.889155E-3
4.900000E+0	-1.339746E-5	-2.969186E-3
5.000000E+0	-1.372571E-5	-3.049833E-3
