0.000000E+0	-1.483071E-8	-3.755523E-5
1.000000E-1	-1.236523E-7	-6.221734E-5
2.000000E-1	-3.208424E-7	-9.289177E-5
3.000000E-1	-5.475326E-7	-1.268579E-4
4.000000E-1	-7.531571E-7	-1.633527E-4
5.000000E-1	-9.431818E-7	-2.020750E-4
6.000000E-1	-1.140394E-6	-2.428117E-4
7.000000E-1	-1.347151E-6	-2.850870E-4
8.000000E-1	-1.561088E-6	-3.294774E-4
9.000000E-1	-1.784453E-6	-3.757894E-4
1.000000E+0	-2.015900E-6	-4.235872E-4
1.100000E+0	-2.257959E-6	-4.725452E-4
1.200000E+0	-2.505894E-6	-5.232035E-4
1.300000E+0	-2.762514E-6	-5.749499E-4
1.400000E+0	-3.025747E-6	-6.282751E-4
1.500000E+0	-3.295722E-6	-6.825141E-4
1.600000E+0	-3.568807E-6	-7.379129E-4
1.700000E+0	-3.848198E-6	-7.943669E-4
1.800000E+0	-4.129949E-6	-8.518636E-4
1.900000E+0	-4.412789E-6	-9.097119E-4
2.000000E+0	-4.699212E-6	-9.685059E-4
2.100000E+0	-4.986824E-6	-1.028286E-3
2.200000E+0	-5.273719E-6	-1.088318E-3
2.300000E+0	-5.567873E-6	-1.149079E-3
2.400000E+0	-5.860331E-6	-1.210312E-3
2.500000E+0	-6.154180E-6	-1.271992E-3
2.600000E+0	-6.448606E-6	-1.334191E-3
2.700000E+0	-6.740374E-6	-1.397141E-3
2.800000E+0	-7.030282E-6	-1.460372E-3
2.900000E+0	-7.322228E-6	-1.524035E-3
3.000000E+0	-7.619381E-6	-1.588743E-3
3.100000E+0	-7.914251E-6	-1.653820E-3
3.200000E+0	-8.206775E-6	-1.719782E-3
3.300000E+0	-8.501076E-6	-1.786372E-3
3.400000E+0	-8.794208E-6	-1.853631E-3
3.500000E+0	-9.095079E-6	-1.921781E-3
3.600000E+0	-9.389025E-6	-1.990835E-3
3.700000E+0	-9.686690E-6	-2.060602E-3
3.800000E+0	-9.988593E-6	-2.131627E-3
3.900000E+0	-1.029061E-5	-2.203253E-3
4.000000E+0	-1.059309E-5	-2.275775E-3
4.100000E+0	-1.089819E-5	-2.349439E-3
4.200000E+0	-1.120454E-5	-2.423795E-3
4.300000E+0	-1.151411E-5	-2.498951E-3
4.400000E+0	-1.182934E-5	-2.574915E-3
4.500000E+0	-1.214594E-5	-2.651896E-3
4.600000E+0	-1.246257E-5	-2.729472E-3
4.700000E+0	-1.278347E-5	-2.807924E-3
4.800000E+0	-1.310711E-5	-2.887223E-3
4.900000E+0	-1.343195E-5	-2.966995E-3
5.000000E+0	-1.376044E-5	-3.047437E-3
