0.000000E+0	-2.315988E-8	-4.087997E-5
1.000000E-1	-1.339145E-7	-6.552937E-5
2.000000E-1	-3.314049E-7	-9.596260E-5
3.000000E-1	-5.565214E-7	-1.298317E-4
4.000000E-1	-7.609416E-7	-1.661468E-4
5.000000E-1	-9.527536E-7	-2.048697E-4
6.000000E-1	-1.151518E-6	-2.456520E-4
7.000000E-1	-1.360478E-6	-2.881197E-4
8.000000E-1	-1.575618E-6	-3.325445E-4
9.000000E-1	-1.799223E-6	-3.790105E-4
1.000000E+0	-2.030919E-6	-4.268474E-4
1.100000E+0	-2.272039E-6	-4.758593E-4
1.200000E+0	-2.520140E-6	-5.266079E-4
1.300000E+0	-2.776764E-6	-5.785578E-4
1.400000E+0	-3.039737E-6	-6.319352E-4
1.500000E+0	-3.310308E-6	-6.864172E-4
1.600000E+0	-3.583422E-6	-7.419716E-4
1.700000E+0	-3.862461E-6	-7.985757E-4
1.800000E+0	-4.142787E-6	-8.561088E-4
1.900000E+0	-4.425857E-6	-9.139534E-4
2.000000E+0	-4.711679E-6	-9.729040E-4
2.100000E+0	-4.998892E-6	-1.032609E-3
2.200000E+0	-5.285728E-6	-1.092650E-3
2.300000E+0	-5.578266E-6	-1.153407E-3
2.400000E+0	-5.871993E-6	-1.214763E-3
2.500000E+0	-6.166140E-6	-1.276670E-3
2.600000E+0	-6.461252E-6	-1.338936E-3
2.700000E+0	-6.753656E-6	-1.401864E-3
2.800000E+0	-7.044866E-6	-1.465204E-3
2.900000E+0	-7.338277E-6	-1.529090E-3
3.000000E+0	-7.635895E-6	-1.594013E-3
3.100000E+0	-7.931415E-6	-1.659217E-3
3.200000E+0	-8.224543E-6	-1.725165E-3
3.300000E+0	-8.518900E-6	-1.792078E-3
3.400000E+0	-8.812430E-6	-1.859336E-3
3.500000E+0	-9.109271E-6	-1.927470E-3
3.600000E+0	-9.402742E-6	-1.996665E-3
3.700000E+0	-9.701465E-6	-2.066590E-3
3.800000E+0	-1.000244E-5	-2.137657E-3
3.900000E+0	-1.030408E-5	-2.209528E-3
4.000000E+0	-1.060616E-5	-2.282110E-3
4.100000E+0	-1.091115E-5	-2.355837E-3
4.200000E+0	-1.121900E-5	-2.430412E-3
4.300000E+0	-1.153136E-5	-2.505833E-3
4.400000E+0	-1.184676E-5	-2.582042E-3
4.500000E+0	-1.216370E-5	-2.659248E-3
4.600000E+0	-1.248062E-5	-2.737064E-3
4.700000E+0	-1.280284E-5	-2.815720E-3
4.800000E+0	-1.312832E-5	-2.895194E-3
4.900000E+0	-1.345377E-5	-2.975160E-3
5.000000E+0	-1.378291E-5	-3.055821E-3
