0.000000E+0	-2.859942E-8	-4.198393E-5
1.000000E-1	-1.354760E-7	-6.563059E-5
2.000000E-1	-3.270304E-7	-9.493975E-5
3.000000E-1	-5.491379E-7	-1.278435E-4
4.000000E-1	-7.540852E-7	-1.633798E-4
5.000000E-1	-9.438053E-7	-2.014629E-4
6.000000E-1	-1.139614E-6	-2.414371E-4
7.000000E-1	-1.345166E-6	-2.831818E-4
8.000000E-1	-1.556803E-6	-3.270102E-4
9.000000E-1	-1.778436E-6	-3.728846E-4
1.000000E+0	-2.008420E-6	-4.204893E-4
1.100000E+0	-2.247796E-6	-4.691641E-4
1.200000E+0	-2.494121E-6	-5.196699E-4
1.300000E+0	-2.748043E-6	-5.712878E-4
1.400000E+0	-3.009443E-6	-6.244508E-4
1.500000E+0	-3.276388E-6	-6.785073E-4
1.600000E+0	-3.547522E-6	-7.337708E-4
1.700000E+0	-3.824174E-6	-7.901215E-4
1.800000E+0	-4.102103E-6	-8.473945E-4
1.900000E+0	-4.383486E-6	-9.050323E-4
2.000000E+0	-4.666846E-6	-9.639157E-4
2.100000E+0	-4.953282E-6	-1.023387E-3
2.200000E+0	-5.238714E-6	-1.083328E-3
2.300000E+0	-5.530130E-6	-1.143882E-3
2.400000E+0	-5.824266E-6	-1.204995E-3
2.500000E+0	-6.116655E-6	-1.266587E-3
2.600000E+0	-6.410293E-6	-1.328648E-3
2.700000E+0	-6.702602E-6	-1.391265E-3
2.800000E+0	-6.994103E-6	-1.454391E-3
2.900000E+0	-7.285757E-6	-1.517971E-3
3.000000E+0	-7.583726E-6	-1.582590E-3
3.100000E+0	-7.880841E-6	-1.647575E-3
3.200000E+0	-8.173011E-6	-1.713320E-3
3.300000E+0	-8.466308E-6	-1.779606E-3
3.400000E+0	-8.757437E-6	-1.846603E-3
3.500000E+0	-9.054932E-6	-1.914376E-3
3.600000E+0	-9.346296E-6	-1.983167E-3
3.700000E+0	-9.642206E-6	-2.052706E-3
3.800000E+0	-9.940594E-6	-2.123339E-3
3.900000E+0	-1.024040E-5	-2.194797E-3
4.000000E+0	-1.054151E-5	-2.266998E-3
4.100000E+0	-1.084506E-5	-2.340432E-3
4.200000E+0	-1.114842E-5	-2.414471E-3
4.300000E+0	-1.145736E-5	-2.489386E-3
4.400000E+0	-1.176926E-5	-2.565275E-3
4.500000E+0	-1.208414E-5	-2.641895E-3
4.600000E+0	-1.239895E-5	-2.719177E-3
4.700000E+0	-1.271788E-5	-2.797302E-3
4.800000E+0	-1.303908E-5	-2.876196E-3
4.900000E+0	-1.336214E-5	-2.955538E-3
5.000000E+0	-1.368621E-5	-3.035521E-3
