0.000000E+0	-2.727022E-8	-4.176196E-5
1.000000E-1	-1.363461E-7	-6.555578E-5
2.000000E-1	-3.281909E-7	-9.496129E-5
3.000000E-1	-5.498414E-7	-1.278403E-4
4.000000E-1	-7.519988E-7	-1.633413E-4
5.000000E-1	-9.403404E-7	-2.013238E-4
6.000000E-1	-1.137523E-6	-2.414081E-4
7.000000E-1	-1.342279E-6	-2.831241E-4
8.000000E-1	-1.555512E-6	-3.270927E-4
9.000000E-1	-1.777754E-6	-3.730262E-4
1.000000E+0	-2.008737E-6	-4.207616E-4
1.100000E+0	-2.250170E-6	-4.694857E-4
1.200000E+0	-2.497516E-6	-5.200346E-4
1.300000E+0	-2.752723E-6	-5.717584E-4
1.400000E+0	-3.015227E-6	-6.250089E-4
1.500000E+0	-3.284347E-6	-6.792622E-4
1.600000E+0	-3.557073E-6	-7.346850E-4
1.700000E+0	-3.834247E-6	-7.911256E-4
1.800000E+0	-4.113692E-6	-8.485600E-4
1.900000E+0	-4.396439E-6	-9.063532E-4
2.000000E+0	-4.681009E-6	-9.653807E-4
2.100000E+0	-4.967549E-6	-1.025127E-3
2.200000E+0	-5.252006E-6	-1.085164E-3
2.300000E+0	-5.544246E-6	-1.145953E-3
2.400000E+0	-5.836071E-6	-1.207240E-3
2.500000E+0	-6.127784E-6	-1.269023E-3
2.600000E+0	-6.418937E-6	-1.331342E-3
2.700000E+0	-6.711014E-6	-1.394245E-3
2.800000E+0	-6.998522E-6	-1.457554E-3
2.900000E+0	-7.284910E-6	-1.521376E-3
3.000000E+0	-7.578534E-6	-1.586293E-3
3.100000E+0	-7.868179E-6	-1.651437E-3
3.200000E+0	-8.161026E-6	-1.717547E-3
3.300000E+0	-8.452168E-6	-1.784172E-3
3.400000E+0	-8.743923E-6	-1.851527E-3
3.500000E+0	-9.039979E-6	-1.919926E-3
3.600000E+0	-9.333886E-6	-1.988847E-3
3.700000E+0	-9.634975E-6	-2.058684E-3
3.800000E+0	-9.934030E-6	-2.129823E-3
3.900000E+0	-1.023752E-5	-2.201843E-3
4.000000E+0	-1.054062E-5	-2.274503E-3
4.100000E+0	-1.084573E-5	-2.348391E-3
4.200000E+0	-1.115489E-5	-2.422903E-3
4.300000E+0	-1.146914E-5	-2.498366E-3
4.400000E+0	-1.177929E-5	-2.574434E-3
4.500000E+0	-1.209850E-5	-2.651687E-3
4.600000E+0	-1.241773E-5	-2.729510E-3
4.700000E+0	-1.274149E-5	-2.808165E-3
4.800000E+0	-1.306572E-5	-2.887621E-3
4.900000E+0	-1.339419E-5	-2.967587E-3
5.000000E+0	-1.372258E-5	-3.048186E-3
