0.000000E+0	-3.112743E-8	-4.371261E-5
1.000000E-1	-1.438052E-7	-6.810020E-5
2.000000E-1	-3.411465E-7	-9.783685E-5
3.000000E-1	-5.638655E-7	-1.310644E-4
4.000000E-1	-7.663100E-7	-1.667658E-4
5.000000E-1	-9.562656E-7	-2.049666E-4
6.000000E-1	-1.153733E-6	-2.454038E-4
7.000000E-1	-1.361068E-6	-2.874078E-4
8.000000E-1	-1.581176E-6	-3.318167E-4
9.000000E-1	-1.802137E-6	-3.780514E-4
1.000000E+0	-2.031967E-6	-4.256427E-4
1.100000E+0	-2.271836E-6	-4.744072E-4
1.200000E+0	-2.518531E-6	-5.246726E-4
1.300000E+0	-2.775894E-6	-5.763414E-4
1.400000E+0	-3.039052E-6	-6.294971E-4
1.500000E+0	-3.308064E-6	-6.836647E-4
1.600000E+0	-3.580177E-6	-7.390811E-4
1.700000E+0	-3.858404E-6	-7.955723E-4
1.800000E+0	-4.135980E-6	-8.529223E-4
1.900000E+0	-4.418550E-6	-9.107256E-4
2.000000E+0	-4.704976E-6	-9.694267E-4
2.100000E+0	-4.992275E-6	-1.029065E-3
2.200000E+0	-5.279016E-6	-1.088912E-3
2.300000E+0	-5.570975E-6	-1.149428E-3
2.400000E+0	-5.865017E-6	-1.210640E-3
2.500000E+0	-6.159767E-6	-1.272233E-3
2.600000E+0	-6.455349E-6	-1.334262E-3
2.700000E+0	-6.746777E-6	-1.396986E-3
2.800000E+0	-7.037880E-6	-1.460051E-3
2.900000E+0	-7.331737E-6	-1.523676E-3
3.000000E+0	-7.630335E-6	-1.588372E-3
3.100000E+0	-7.926025E-6	-1.653307E-3
3.200000E+0	-8.217716E-6	-1.719014E-3
3.300000E+0	-8.511743E-6	-1.785401E-3
3.400000E+0	-8.805601E-6	-1.852482E-3
3.500000E+0	-9.104413E-6	-1.920424E-3
3.600000E+0	-9.397497E-6	-1.989221E-3
3.700000E+0	-9.695851E-6	-2.058797E-3
3.800000E+0	-9.996873E-6	-2.129578E-3
3.900000E+0	-1.029964E-5	-2.201036E-3
4.000000E+0	-1.060296E-5	-2.273641E-3
4.100000E+0	-1.090498E-5	-2.346789E-3
4.200000E+0	-1.121139E-5	-2.420667E-3
4.300000E+0	-1.151589E-5	-2.494773E-3
4.400000E+0	-1.182859E-5	-2.570722E-3
4.500000E+0	-1.214410E-5	-2.647484E-3
4.600000E+0	-1.245976E-5	-2.724700E-3
4.700000E+0	-1.278117E-5	-2.802852E-3
4.800000E+0	-1.310576E-5	-2.881883E-3
4.900000E+0	-1.342978E-5	-2.961440E-3
5.000000E+0	-1.375582E-5	-3.041489E-3
