0.000000E+0	9.578654E-9	-2.737708E-5
1.000000E-1	-1.264644E-7	-5.929332E-5
2.000000E-1	-3.568905E-7	-9.473189E-5
3.000000E-1	-5.952702E-7	-1.316741E-4
4.000000E-1	-7.986167E-7	-1.698461E-4
5.000000E-1	-9.890241E-7	-2.096266E-4
6.000000E-1	-1.186245E-6	-2.506379E-4
7.000000E-1	-1.391865E-6	-2.930882E-4
8.000000E-1	-1.607259E-6	-3.373653E-4
9.000000E-1	-1.829388E-6	-3.837832E-4
1.000000E+0	-2.061592E-6	-4.312739E-4
1.100000E+0	-2.302368E-6	-4.800832E-4
1.200000E+0	-2.551114E-6	-5.305586E-4
1.300000E+0	-2.808960E-6	-5.822273E-4
1.400000E+0	-3.073729E-6	-6.353771E-4
1.500000E+0	-3.345121E-6	-6.894859E-4
1.600000E+0	-3.620235E-6	-7.447160E-4
1.700000E+0	-3.900676E-6	-8.010133E-4
1.800000E+0	-4.183224E-6	-8.581779E-4
1.900000E+0	-4.466915E-6	-9.158396E-4
2.000000E+0	-4.754878E-6	-9.746696E-4
2.100000E+0	-5.040295E-6	-1.034101E-3
2.200000E+0	-5.327169E-6	-1.093836E-3
2.300000E+0	-5.619901E-6	-1.154461E-3
2.400000E+0	-5.910262E-6	-1.215584E-3
2.500000E+0	-6.200167E-6	-1.277222E-3
2.600000E+0	-6.490085E-6	-1.339251E-3
2.700000E+0	-6.776309E-6	-1.401999E-3
2.800000E+0	-7.063690E-6	-1.465204E-3
2.900000E+0	-7.353454E-6	-1.528915E-3
3.000000E+0	-7.652032E-6	-1.593614E-3
3.100000E+0	-7.945969E-6	-1.658654E-3
3.200000E+0	-8.236512E-6	-1.724431E-3
3.300000E+0	-8.529743E-6	-1.791035E-3
3.400000E+0	-8.822954E-6	-1.858234E-3
3.500000E+0	-9.121899E-6	-1.926230E-3
3.600000E+0	-9.415784E-6	-1.995296E-3
3.700000E+0	-9.714556E-6	-2.065103E-3
3.800000E+0	-1.001243E-5	-2.135964E-3
3.900000E+0	-1.031513E-5	-2.207508E-3
4.000000E+0	-1.061512E-5	-2.280038E-3
4.100000E+0	-1.091890E-5	-2.353688E-3
4.200000E+0	-1.122329E-5	-2.428067E-3
4.300000E+0	-1.153589E-5	-2.503261E-3
4.400000E+0	-1.185079E-5	-2.579334E-3
4.500000E+0	-1.216433E-5	-2.656291E-3
4.600000E+0	-1.248056E-5	-2.734006E-3
4.700000E+0	-1.280122E-5	-2.812448E-3
4.800000E+0	-1.312634E-5	-2.891718E-3
4.900000E+0	-1.345158E-5	-2.971558E-3
5.000000E+0	-1.378254E-5	-3.052020E-3
